steps = [0.0, 10000.0, 20000.0, 30000.0, 40000.0, 50000.0, 60000.0, 70000.0, 80000.0, 90000.0, 100000.0, 110000.0, 120000.0, 130000.0, 140000.0, 150000.0, 160000.0, 170000.0, 180000.0];
result = [1.5631739574400538, 1.753145138083178, 1.8100783560126714, 1.8461686190264908, 1.8726365270156533, 1.891680160381674, 1.8891858310428118, 1.9015605895081298, 1.8844405698056035, 1.8927848403455576, 1.892849905383056, 1.8879181416979969, 1.8896026353231663, 1.9009260979567506, 1.889752038305776, 1.9130330218906082, 1.909761108234481, 1.9039069459739748, 1.9136423950222583];
