steps = [0.0, 10000.0, 20000.0, 30000.0, 40000.0, 50000.0, 60000.0, 70000.0, 80000.0, 90000.0, 100000.0, 110000.0, 120000.0, 130000.0, 140000.0, 150000.0, 160000.0, 170000.0, 180000.0, 190000.0, 200000.0, 210000.0, 220000.0, 230000.0, 240000.0, 250000.0, 260000.0, 270000.0, 280000.0, 290000.0, 300000.0, 310000.0, 320000.0, 330000.0, 340000.0, 350000.0, 360000.0, 370000.0, 380000.0, 390000.0, 400000.0, 410000.0, 420000.0, 430000.0, 440000.0, 450000.0, 460000.0, 470000.0, 480000.0, 490000.0, 500000.0, 510000.0, 520000.0, 530000.0, 540000.0, 550000.0, 560000.0, 570000.0, 580000.0, 590000.0, 600000.0, 610000.0, 620000.0, 630000.0, 640000.0, 650000.0, 660000.0, 670000.0, 680000.0, 690000.0, 700000.0, 710000.0, 720000.0, 730000.0];
result = [1.7145990112868217, 1.755522335221724, 1.7843182723795366, 1.8297467052784133, 1.8447663979458016, 1.8459285715548543, 1.8540716056486914, 1.8731696048065052, 1.8703838383016813, 1.8864439377480364, 1.8827590568311066, 1.8973940143939654, 1.9034594331925065, 1.921007203983563, 1.9284304681602338, 1.9212865661982, 1.9272719743232811, 1.9290162531115407, 1.929596319651042, 1.932128519484156, 1.9369231397101776, 1.9283408162068565, 1.9243630090037673, 1.925758773782156, 1.9273148565679106, 1.9382754404551585, 1.9319816758662207, 1.9305484619341609, 1.9376020163658425, 1.9411906699722612, 1.94002324430409, 1.9424815869642542, 1.945386241952259, 1.9487273998139263, 1.9424938871772799, 1.9311486719443074, 1.9449007820714466, 1.947272242021277, 1.9472076823660203, 1.9469032634502397, 1.9504876773545803, 1.9521772295853763, 1.9482005341469495, 1.9440070477142941, 1.9522741957041563, 1.9495190141652157, 1.9494482957800083, 1.950753814167922, 1.9519679372710657, 1.9375022729193365, 1.9535514413677906, 1.9474561106215362, 1.9424146229161003, 1.95274555337116, 1.9546266311457727, 1.9524197480370111, 1.9510982612918226, 1.944542809884609, 1.9509372241523182, 1.9504577429037635, 1.9462656736757578, 1.9524158506089082, 1.9485380377950308, 1.9520642499619305, 1.9543583947307346, 1.9482450021462894, 1.9516505129965176, 1.94895931526883, 1.9573162773997963, 1.9552830776216663, 1.957462430161756, 1.954218808326832, 1.9403338885360646, 1.9506618878597535];
